{
 "cells": [
  {
   "cell_type": "code",
   "execution_count": 1,
   "metadata": {},
   "outputs": [
    {
     "name": "stderr",
     "output_type": "stream",
     "text": [
      "Loading required package: lattice\n"
     ]
    }
   ],
   "source": [
    "# install.packages('rpart')\n",
    "library(moments)\n",
    "library(dplyr, warn.conflicts = FALSE)\n",
    "library(ggplot2)\n",
    "library(repr)\n",
    "library(reshape2)\n",
    "library(caret)\n",
    "library(rpart)\n",
    "housing_data <- data.frame(read.table(file='../data/housing.data', header=FALSE, sep=\"\"))\n",
    "colnames(housing_data) <- c('CRIM','ZN','INDUS','CHAS','NOX','RM','AGE','DIS','RAD','TAX','PTRATIO','B','LSTAT','MEDV')\n",
    "housing_data$MEDV <- NULL\n",
    "housing_data$CHAS = factor(housing_data$CHAS)\n",
    "housing_features = Filter(is.numeric, housing_data)"
   ]
  },
  {
   "cell_type": "markdown",
   "metadata": {},
   "source": [
    "## Correlation Analysis"
   ]
  },
  {
   "cell_type": "markdown",
   "metadata": {},
   "source": [
    "### Check for redundancy in the data"
   ]
  },
  {
   "cell_type": "code",
   "execution_count": 2,
   "metadata": {},
   "outputs": [],
   "source": [
    "# functions from his holiness \n",
    "calculate_r_2 <- function(actual, prediction) {\n",
    "    return (1 - (sum((actual-prediction)^2)/sum((actual-mean(actual))^2)))\n",
    "}\n",
    "\n",
    "calculate_r_2_for_feature <- function(data, feature) {\n",
    "    n <- nrow(data)\n",
    "    \n",
    "    train_index <- sample(seq_len(n), size = 0.8*n)\n",
    "\n",
    "    train <- data[train_index,]\n",
    "    test <- data[-train_index,]\n",
    "    \n",
    "    this_formula = paste(feature,\"~.\")\n",
    "    fit <- rpart(data=train, formula=as.formula(this_formula))\n",
    "\n",
    "    y_test <- as.vector(test[[feature]])\n",
    "    test[feature] <- NULL\n",
    "    predictions <- predict(fit, test)\n",
    "    return (calculate_r_2(y_test, predictions))\n",
    "}\n",
    "\n",
    "mean_r2_for_feature <- function (data, feature) {\n",
    "    scores = c()\n",
    "    for (i in 1:100) {\n",
    "        scores = c(scores, calculate_r_2_for_feature(data, feature))\n",
    "    }\n",
    "    \n",
    "    return (mean(scores))\n",
    "}"
   ]
  },
  {
   "cell_type": "code",
   "execution_count": 3,
   "metadata": {},
   "outputs": [
    {
     "name": "stdout",
     "output_type": "stream",
     "text": [
      "[1] \"CRIM :  0.313769820899652\"\n",
      "[1] \"ZN :  0.792481713571082\"\n",
      "[1] \"INDUS :  0.869738084002867\"\n",
      "[1] \"NOX :  0.837852446359394\"\n",
      "[1] \"RM :  0.380384286843985\"\n",
      "[1] \"AGE :  0.684413750924654\"\n",
      "[1] \"DIS :  0.802330783404009\"\n",
      "[1] \"RAD :  0.890896131765448\"\n",
      "[1] \"TAX :  0.901264804982669\"\n",
      "[1] \"PTRATIO :  0.806214809968809\"\n",
      "[1] \"B :  0.114878131685526\"\n",
      "[1] \"LSTAT :  0.534394996113608\"\n"
     ]
    }
   ],
   "source": [
    "for(feature in colnames(housing_features)) {\n",
    "    print(paste(feature, \": \", mean_r2_for_feature(housing_features, feature)))\n",
    "}"
   ]
  },
  {
   "cell_type": "markdown",
   "metadata": {},
   "source": [
    "Many of the features can be predicted by the other features and are therefore redundant!!\n",
    "ZN, INDUS, NOX, DIS, RAD, TAX, PTRATIO and only slightly redundant AGE."
   ]
  },
  {
   "cell_type": "markdown",
   "metadata": {},
   "source": [
    "### Check for correlation in the data"
   ]
  },
  {
   "cell_type": "code",
   "execution_count": 4,
   "metadata": {},
   "outputs": [
    {
     "data": {
      "text/html": [
       "<table>\n",
       "<thead><tr><th></th><th scope=col>CRIM</th><th scope=col>ZN</th><th scope=col>INDUS</th><th scope=col>NOX</th><th scope=col>RM</th><th scope=col>AGE</th><th scope=col>DIS</th><th scope=col>RAD</th><th scope=col>TAX</th><th scope=col>PTRATIO</th><th scope=col>B</th><th scope=col>LSTAT</th></tr></thead>\n",
       "<tbody>\n",
       "\t<tr><th scope=row>CRIM</th><td> 1.0000000</td><td>-0.2004692</td><td> 0.4065834</td><td> 0.4209717</td><td>-0.2192467</td><td> 0.3527343</td><td>-0.3796701</td><td> 0.6255051</td><td> 0.5827643</td><td> 0.2899456</td><td>-0.3850639</td><td> 0.4556215</td></tr>\n",
       "\t<tr><th scope=row>ZN</th><td>-0.2004692</td><td> 1.0000000</td><td>-0.5338282</td><td>-0.5166037</td><td> 0.3119906</td><td>-0.5695373</td><td> 0.6644082</td><td>-0.3119478</td><td>-0.3145633</td><td>-0.3916785</td><td> 0.1755203</td><td>-0.4129946</td></tr>\n",
       "\t<tr><th scope=row>INDUS</th><td> 0.4065834</td><td>-0.5338282</td><td> 1.0000000</td><td> 0.7636514</td><td>-0.3916759</td><td> 0.6447785</td><td>-0.7080270</td><td> 0.5951293</td><td> 0.7207602</td><td> 0.3832476</td><td>-0.3569765</td><td> 0.6037997</td></tr>\n",
       "\t<tr><th scope=row>NOX</th><td> 0.4209717</td><td>-0.5166037</td><td> 0.7636514</td><td> 1.0000000</td><td>-0.3021882</td><td> 0.7314701</td><td>-0.7692301</td><td> 0.6114406</td><td> 0.6680232</td><td> 0.1889327</td><td>-0.3800506</td><td> 0.5908789</td></tr>\n",
       "\t<tr><th scope=row>RM</th><td>-0.2192467</td><td> 0.3119906</td><td>-0.3916759</td><td>-0.3021882</td><td> 1.0000000</td><td>-0.2402649</td><td> 0.2052462</td><td>-0.2098467</td><td>-0.2920478</td><td>-0.3555015</td><td> 0.1280686</td><td>-0.6138083</td></tr>\n",
       "\t<tr><th scope=row>AGE</th><td> 0.3527343</td><td>-0.5695373</td><td> 0.6447785</td><td> 0.7314701</td><td>-0.2402649</td><td> 1.0000000</td><td>-0.7478805</td><td> 0.4560225</td><td> 0.5064556</td><td> 0.2615150</td><td>-0.2735340</td><td> 0.6023385</td></tr>\n",
       "\t<tr><th scope=row>DIS</th><td>-0.3796701</td><td> 0.6644082</td><td>-0.7080270</td><td>-0.7692301</td><td> 0.2052462</td><td>-0.7478805</td><td> 1.0000000</td><td>-0.4945879</td><td>-0.5344316</td><td>-0.2324705</td><td> 0.2915117</td><td>-0.4969958</td></tr>\n",
       "\t<tr><th scope=row>RAD</th><td> 0.6255051</td><td>-0.3119478</td><td> 0.5951293</td><td> 0.6114406</td><td>-0.2098467</td><td> 0.4560225</td><td>-0.4945879</td><td> 1.0000000</td><td> 0.9102282</td><td> 0.4647412</td><td>-0.4444128</td><td> 0.4886763</td></tr>\n",
       "\t<tr><th scope=row>TAX</th><td> 0.5827643</td><td>-0.3145633</td><td> 0.7207602</td><td> 0.6680232</td><td>-0.2920478</td><td> 0.5064556</td><td>-0.5344316</td><td> 0.9102282</td><td> 1.0000000</td><td> 0.4608530</td><td>-0.4418080</td><td> 0.5439934</td></tr>\n",
       "\t<tr><th scope=row>PTRATIO</th><td> 0.2899456</td><td>-0.3916785</td><td> 0.3832476</td><td> 0.1889327</td><td>-0.3555015</td><td> 0.2615150</td><td>-0.2324705</td><td> 0.4647412</td><td> 0.4608530</td><td> 1.0000000</td><td>-0.1773833</td><td> 0.3740443</td></tr>\n",
       "\t<tr><th scope=row>B</th><td>-0.3850639</td><td> 0.1755203</td><td>-0.3569765</td><td>-0.3800506</td><td> 0.1280686</td><td>-0.2735340</td><td> 0.2915117</td><td>-0.4444128</td><td>-0.4418080</td><td>-0.1773833</td><td> 1.0000000</td><td>-0.3660869</td></tr>\n",
       "\t<tr><th scope=row>LSTAT</th><td> 0.4556215</td><td>-0.4129946</td><td> 0.6037997</td><td> 0.5908789</td><td>-0.6138083</td><td> 0.6023385</td><td>-0.4969958</td><td> 0.4886763</td><td> 0.5439934</td><td> 0.3740443</td><td>-0.3660869</td><td> 1.0000000</td></tr>\n",
       "</tbody>\n",
       "</table>\n"
      ],
      "text/latex": [
       "\\begin{tabular}{r|llllllllllll}\n",
       "  & CRIM & ZN & INDUS & NOX & RM & AGE & DIS & RAD & TAX & PTRATIO & B & LSTAT\\\\\n",
       "\\hline\n",
       "\tCRIM &  1.0000000 & -0.2004692 &  0.4065834 &  0.4209717 & -0.2192467 &  0.3527343 & -0.3796701 &  0.6255051 &  0.5827643 &  0.2899456 & -0.3850639 &  0.4556215\\\\\n",
       "\tZN & -0.2004692 &  1.0000000 & -0.5338282 & -0.5166037 &  0.3119906 & -0.5695373 &  0.6644082 & -0.3119478 & -0.3145633 & -0.3916785 &  0.1755203 & -0.4129946\\\\\n",
       "\tINDUS &  0.4065834 & -0.5338282 &  1.0000000 &  0.7636514 & -0.3916759 &  0.6447785 & -0.7080270 &  0.5951293 &  0.7207602 &  0.3832476 & -0.3569765 &  0.6037997\\\\\n",
       "\tNOX &  0.4209717 & -0.5166037 &  0.7636514 &  1.0000000 & -0.3021882 &  0.7314701 & -0.7692301 &  0.6114406 &  0.6680232 &  0.1889327 & -0.3800506 &  0.5908789\\\\\n",
       "\tRM & -0.2192467 &  0.3119906 & -0.3916759 & -0.3021882 &  1.0000000 & -0.2402649 &  0.2052462 & -0.2098467 & -0.2920478 & -0.3555015 &  0.1280686 & -0.6138083\\\\\n",
       "\tAGE &  0.3527343 & -0.5695373 &  0.6447785 &  0.7314701 & -0.2402649 &  1.0000000 & -0.7478805 &  0.4560225 &  0.5064556 &  0.2615150 & -0.2735340 &  0.6023385\\\\\n",
       "\tDIS & -0.3796701 &  0.6644082 & -0.7080270 & -0.7692301 &  0.2052462 & -0.7478805 &  1.0000000 & -0.4945879 & -0.5344316 & -0.2324705 &  0.2915117 & -0.4969958\\\\\n",
       "\tRAD &  0.6255051 & -0.3119478 &  0.5951293 &  0.6114406 & -0.2098467 &  0.4560225 & -0.4945879 &  1.0000000 &  0.9102282 &  0.4647412 & -0.4444128 &  0.4886763\\\\\n",
       "\tTAX &  0.5827643 & -0.3145633 &  0.7207602 &  0.6680232 & -0.2920478 &  0.5064556 & -0.5344316 &  0.9102282 &  1.0000000 &  0.4608530 & -0.4418080 &  0.5439934\\\\\n",
       "\tPTRATIO &  0.2899456 & -0.3916785 &  0.3832476 &  0.1889327 & -0.3555015 &  0.2615150 & -0.2324705 &  0.4647412 &  0.4608530 &  1.0000000 & -0.1773833 &  0.3740443\\\\\n",
       "\tB & -0.3850639 &  0.1755203 & -0.3569765 & -0.3800506 &  0.1280686 & -0.2735340 &  0.2915117 & -0.4444128 & -0.4418080 & -0.1773833 &  1.0000000 & -0.3660869\\\\\n",
       "\tLSTAT &  0.4556215 & -0.4129946 &  0.6037997 &  0.5908789 & -0.6138083 &  0.6023385 & -0.4969958 &  0.4886763 &  0.5439934 &  0.3740443 & -0.3660869 &  1.0000000\\\\\n",
       "\\end{tabular}\n"
      ],
      "text/markdown": [
       "\n",
       "| <!--/--> | CRIM | ZN | INDUS | NOX | RM | AGE | DIS | RAD | TAX | PTRATIO | B | LSTAT | \n",
       "|---|---|---|---|---|---|---|---|---|---|---|---|\n",
       "| CRIM |  1.0000000 | -0.2004692 |  0.4065834 |  0.4209717 | -0.2192467 |  0.3527343 | -0.3796701 |  0.6255051 |  0.5827643 |  0.2899456 | -0.3850639 |  0.4556215 | \n",
       "| ZN | -0.2004692 |  1.0000000 | -0.5338282 | -0.5166037 |  0.3119906 | -0.5695373 |  0.6644082 | -0.3119478 | -0.3145633 | -0.3916785 |  0.1755203 | -0.4129946 | \n",
       "| INDUS |  0.4065834 | -0.5338282 |  1.0000000 |  0.7636514 | -0.3916759 |  0.6447785 | -0.7080270 |  0.5951293 |  0.7207602 |  0.3832476 | -0.3569765 |  0.6037997 | \n",
       "| NOX |  0.4209717 | -0.5166037 |  0.7636514 |  1.0000000 | -0.3021882 |  0.7314701 | -0.7692301 |  0.6114406 |  0.6680232 |  0.1889327 | -0.3800506 |  0.5908789 | \n",
       "| RM | -0.2192467 |  0.3119906 | -0.3916759 | -0.3021882 |  1.0000000 | -0.2402649 |  0.2052462 | -0.2098467 | -0.2920478 | -0.3555015 |  0.1280686 | -0.6138083 | \n",
       "| AGE |  0.3527343 | -0.5695373 |  0.6447785 |  0.7314701 | -0.2402649 |  1.0000000 | -0.7478805 |  0.4560225 |  0.5064556 |  0.2615150 | -0.2735340 |  0.6023385 | \n",
       "| DIS | -0.3796701 |  0.6644082 | -0.7080270 | -0.7692301 |  0.2052462 | -0.7478805 |  1.0000000 | -0.4945879 | -0.5344316 | -0.2324705 |  0.2915117 | -0.4969958 | \n",
       "| RAD |  0.6255051 | -0.3119478 |  0.5951293 |  0.6114406 | -0.2098467 |  0.4560225 | -0.4945879 |  1.0000000 |  0.9102282 |  0.4647412 | -0.4444128 |  0.4886763 | \n",
       "| TAX |  0.5827643 | -0.3145633 |  0.7207602 |  0.6680232 | -0.2920478 |  0.5064556 | -0.5344316 |  0.9102282 |  1.0000000 |  0.4608530 | -0.4418080 |  0.5439934 | \n",
       "| PTRATIO |  0.2899456 | -0.3916785 |  0.3832476 |  0.1889327 | -0.3555015 |  0.2615150 | -0.2324705 |  0.4647412 |  0.4608530 |  1.0000000 | -0.1773833 |  0.3740443 | \n",
       "| B | -0.3850639 |  0.1755203 | -0.3569765 | -0.3800506 |  0.1280686 | -0.2735340 |  0.2915117 | -0.4444128 | -0.4418080 | -0.1773833 |  1.0000000 | -0.3660869 | \n",
       "| LSTAT |  0.4556215 | -0.4129946 |  0.6037997 |  0.5908789 | -0.6138083 |  0.6023385 | -0.4969958 |  0.4886763 |  0.5439934 |  0.3740443 | -0.3660869 |  1.0000000 | \n",
       "\n",
       "\n"
      ],
      "text/plain": [
       "        CRIM       ZN         INDUS      NOX        RM         AGE       \n",
       "CRIM     1.0000000 -0.2004692  0.4065834  0.4209717 -0.2192467  0.3527343\n",
       "ZN      -0.2004692  1.0000000 -0.5338282 -0.5166037  0.3119906 -0.5695373\n",
       "INDUS    0.4065834 -0.5338282  1.0000000  0.7636514 -0.3916759  0.6447785\n",
       "NOX      0.4209717 -0.5166037  0.7636514  1.0000000 -0.3021882  0.7314701\n",
       "RM      -0.2192467  0.3119906 -0.3916759 -0.3021882  1.0000000 -0.2402649\n",
       "AGE      0.3527343 -0.5695373  0.6447785  0.7314701 -0.2402649  1.0000000\n",
       "DIS     -0.3796701  0.6644082 -0.7080270 -0.7692301  0.2052462 -0.7478805\n",
       "RAD      0.6255051 -0.3119478  0.5951293  0.6114406 -0.2098467  0.4560225\n",
       "TAX      0.5827643 -0.3145633  0.7207602  0.6680232 -0.2920478  0.5064556\n",
       "PTRATIO  0.2899456 -0.3916785  0.3832476  0.1889327 -0.3555015  0.2615150\n",
       "B       -0.3850639  0.1755203 -0.3569765 -0.3800506  0.1280686 -0.2735340\n",
       "LSTAT    0.4556215 -0.4129946  0.6037997  0.5908789 -0.6138083  0.6023385\n",
       "        DIS        RAD        TAX        PTRATIO    B          LSTAT     \n",
       "CRIM    -0.3796701  0.6255051  0.5827643  0.2899456 -0.3850639  0.4556215\n",
       "ZN       0.6644082 -0.3119478 -0.3145633 -0.3916785  0.1755203 -0.4129946\n",
       "INDUS   -0.7080270  0.5951293  0.7207602  0.3832476 -0.3569765  0.6037997\n",
       "NOX     -0.7692301  0.6114406  0.6680232  0.1889327 -0.3800506  0.5908789\n",
       "RM       0.2052462 -0.2098467 -0.2920478 -0.3555015  0.1280686 -0.6138083\n",
       "AGE     -0.7478805  0.4560225  0.5064556  0.2615150 -0.2735340  0.6023385\n",
       "DIS      1.0000000 -0.4945879 -0.5344316 -0.2324705  0.2915117 -0.4969958\n",
       "RAD     -0.4945879  1.0000000  0.9102282  0.4647412 -0.4444128  0.4886763\n",
       "TAX     -0.5344316  0.9102282  1.0000000  0.4608530 -0.4418080  0.5439934\n",
       "PTRATIO -0.2324705  0.4647412  0.4608530  1.0000000 -0.1773833  0.3740443\n",
       "B        0.2915117 -0.4444128 -0.4418080 -0.1773833  1.0000000 -0.3660869\n",
       "LSTAT   -0.4969958  0.4886763  0.5439934  0.3740443 -0.3660869  1.0000000"
      ]
     },
     "metadata": {},
     "output_type": "display_data"
    }
   ],
   "source": [
    "cormat = cor(housing_features)\n",
    "cormat"
   ]
  },
  {
   "cell_type": "markdown",
   "metadata": {},
   "source": [
    "### Prepare a heatmap of correlation and a pairplot of the data"
   ]
  },
  {
   "cell_type": "code",
   "execution_count": 5,
   "metadata": {},
   "outputs": [
    {
     "data": {},
     "metadata": {},
     "output_type": "display_data"
    },
    {
     "data": {
      "image/png": "iVBORw0KGgoAAAANSUhEUgAAA0gAAANICAIAAAByhViMAAAACXBIWXMAABJ0AAASdAHeZh94\nAAAgAElEQVR4nOzdeXhTZf7//ztLkzSlaelCC21ZSlWYgiyy1VJACh+QllHg82Eoywg4FUcZ\nQRAVvm5c44LoMCgqilgYdcaiMyDiQFEqIqIoiw7iT2QYZJGtdIEuafbz++M4JS20QJv0HE6f\nj6sXV3Jyzp13zgnJK/e5zzk6SZIEAAAArn16pQsAAABAYBDsAAAANIJgBwAAoBEEOwAAAI0g\n2AEAAGgEwQ4AAEAjCHYAAAAaQbADAADQCIIdAACARhDsAAAANIJgBwAAoBEEOwAAAI0g2AEA\nAGgEwQ4AAEAjCHYAAAAaQbADAADQCIIdAACARhDsAAAANIJgBwAAoBEEOwAAAI0g2AEAAGgE\nwQ4AAEAjCHYAAAAaQbADAADQCIIdAACARhDsAAAANIJgBwAAoBEEOwAAAI0g2AEAAGgEwQ4A\nAEAjCHYAAAAaQbADAADQCIIdAACARhDsAAAANIJgBwAAoBEEOwAAAI0g2AEAAGgEwQ4AAEAj\nCHYAAAAaQbADAADQCIIdAACARhDsAAAANIJgBwAAoBEEOwAAAI0g2AEAAGgEwQ4AAEAjCHYA\nAAAaQbADAADQCIIdAACARhDsAAAANIJgBwAAoBEEOwAAAI0g2AEAAGgEwQ4AAEAjCHYAAAAa\nQbADAADQCIIdAACARhDsAAAANIJgBwAAoBEEOwAAAI0g2AEAAGgEwQ4AAEAjCHYAAAAaQbAD\nAADQCIIdAACARhDsAAAANIJgBwAAoBEEO7Vwu91Op1PpKmrxer1Op9Pn8yldSC1Op9Ptditd\nRS3ytpMkSelCLvD5fE6n0+v1Kl1ILS6XS23bzuPxqHPbeTwepQupxeVyuVwupauoRYUfUJIk\nqXDbqfDLBUFFsFOLqqqqiooKpauoxe12V1RUqOqbWJKkioqK6upqpQuppbq6uqKiQlXhQN52\navsmrqioqKqqUrqKWhwOR0VFhaoSsNfrraioUNs3cVVVVWVlpdJV1OJ0OisqKlSVonw+nwo/\noOx2u9q+XBBUBDsAAACNINgBAABoBMEOAABAI4xKFwAAAIIlJCREr6cTpwVhYwMAoD5Tpgid\nrul/1rCwcJstIE2JKVOUXim4PIIdAACARhDsAAAANIJgBwAAoBEEOwAAAI0g2AEAAGgEwQ4A\nAEAjCHYAAAAaQbADAADQCIIdAACARhDsAAAANIJgBwAAoBEEOwAAAI0g2AEAAGgEwQ4AAEAj\nCHYAAAAaQbADAADQCIIdAACARhDsAAAANMKodAH1mjNnzg033DBjxow6030+39q1az/77LPT\np097PJ64uLjMzMxx48bpdLpFixZ98cUXFzc1dOjQ2bNnCyHOnz8/bdq0yMjIlStX6vV6IcRl\nFwEAALhWqDfY1WfVqlXbt2+fOXNm586dhRD79u1bvny50+mcNGnSjBkz7rjjDiHE0aNHn376\n6YULF8bHxwshrFarvOxHH32Umpp65MiRXbt29e/fXwhx2UUAAACuFddesPv222+HDh3ap08f\n+e7gwYNtNpskSUKI1q1byxOrqqqEELGxsW3btq1ZUJKkzZs3T5gwoX379gUFBXKwa3gRAACA\na8i1N8auU6dOO3bsOHToUM2UXr169e7d+7IL7t69u7y8fODAgZmZmXv37i0qKgpmmQAAAM3t\n2uuxy83NffXVVx944IHY2NiuXbumpqYOGDAgIiLisgtu3Lhx4MCBFoslOTm5U6dOmzdvnjJl\nSiMKcLlcLperEQs2zOv1CiEqKysD3nKjySU5HA632610LbV4vV5VrSiPxyOEqKqq0ul0Stfy\nC3nbOZ1O+YZ6+Hw+VW07+b1tt9vlQbdq4PP5hBBut1tVK0quSlUlyf/vqqurg/GB3DjyviOP\nxxOQFdWq6U0Egf9LMxgMoaGhChaDS7r2gl14ePi8efPuvvvu/fv3Hzhw4IMPPlixYsXMmTNv\nueWWBpY6c+bM3r17Fy1aJN8dPnz4mjVrJk6caDAYrrYAj8fjcDgaWf3lBK/lRnO73SoMdmrL\nK0IIp9OpdAl1eTwe+ctPPSRJUuGbXD3JoIYKt53gA+rKBOoDSp3Bzv89EBISQrBToWsv2MnC\nw8PT0tLS0tKmTZu2cuXK5cuXDxo0qIGUVlBQIEnSwoUL5bs+n8/hcOzcuTM9Pf1qn9pisZhM\npsaXXo+Kigqv1xsZGRnwlhvN5XLZ7Xar1RqM19s4kiSdP38+JCQkLCxM6VouqKqqcrvdNptN\nPb0+8rYLDQ01m81K13LB+fPn9Xp9eHi40oVcYLfbXS5XeHh4I37jBYnc32M2m1X1lVleXi6E\nsNlsShdygcPhcDgcYWFhISEhStfyC5/PV15ebjKZNHz4nf+XlHr2UcDfNRbszp49m5eXN336\n9NjY2JqJXbt23bBhg9vtru+j2ePxbNmyJScnJzMzs2biqlWrCgoKGhHs9Hp9ML6/5f8hRqOK\ntojcYWAwGNRTlbynQ6fTqack4bft1BPs5A4DvV6vqhUl1Lft5E2mwje52radTqeTJElVJalw\n28n/79T2Jg8sDb80zVD1Fqqqqjp16lTNXYvFEh0dfeLEiT/+8Y+TJ0/u2LGjTqf76aef/vKX\nv/Tq1ctisdTXzo4dO6qqqrKysvx/bmZnZy9YsODkyZPt2rUL7ssAAABoFqoOdp9++umnn35a\nc/fmm29++OGHn3rqqffeey8vL6+kpMTr9cbFxaWnp48fP76BdjZt2pSWllZnJ0JqampCQkJB\nQcH06dODVD8AAEBz0snd/lDcuXPnPB5PTEyM0oVc4HA4Kisrw8PD1TNOS5KkkpISk8mkqrE+\n5eXlLpcrKipKPbtinU5nRUVFWFiYqsZplZSUGAwGVQ0kraysdDgckZGR6tnB5Ha7z58/Hxoa\nqqqBpGVlZZIkRUVFKV3IBXa73W6322w29QwC9nq9ZWVlZrM5MANJp0wRb78dgHYCaPJk8dZb\nSheBy1DL9xAAAACaiGAHAACgEQQ7AAAAjSDYAQAAaATBDgAAQCMIdgAAABpBsAMAANAIgh0A\nAIBGEOwAAAA0gmAHAACgEQQ7AAAAjSDYAQAAaATBDgAAQCMIdgAAABpBsAMAANAIgh0AAIBG\nEOwAAAA0gmAHAACgEUalCwAAQAt0Op3RaDQYDIFpLjpa3HRTYJoKlA4dlK4Al0ewAwC0eDNm\niD17mtiGXojIgBQjhBDi5Fu7HRMD11wgtIoSbZSuAZdFsAMAtHgHDzY92AWWo0KUHFW6iIsQ\n7NSPMXYAAAAaQbADAADQCIIdAACARhDsAAAANIJgBwAAoBEEOwAAAI0g2AEAAGgEwQ4AAEAj\nCHYAAAAaQbADAADQCIIdAACARhDsAAAANIJgBwAAoBEEOwAAAI0g2AEAAGgEwQ4AAEAjCHYA\nAAAaQbADAADQCKPSBShszpw5hw4dkm9brdaEhITRo0cPGTJE0aIAAAAao6UHOyFEZmbmpEmT\nhBB2u/2TTz5ZsmRJYmJiSkqK0nUBAABcHXbFCovFEhMTExMT0759+ylTpuh0umPHjildFAAA\nwFWjx+4Ct9tdUFAQFhbWs2fPBmbz+Xw+ny/gzy5JkhDC4/EEvOVGk1+m1+tVT1XyWpIkST0l\nCb9tp9er5ZeS1+sVQvh8PlWtKKG+bVfzJle6kAvUue00/wHFd+EV8l/bOp3OYDAoWAwuiTez\nKCgoKCwsFEI4nc7w8PDZs2dHRUU1ML/D4bDb7UEq5ty5c0FqudHsdnvwXm/juN1uFa6o8vJy\npUuoq7q6urq6WukqavF6vSrcdhUVFUqXUJfT6XQ6nUpXUZcKt11VVVXTG9Hr9Q196MOP/3sg\nJCQkIiJCwWJwSQQ7kZGRkZOTI4RwOp0//vjj0qVLf/vb344cObK++Y1Go8ViCXgZTqdTkqRg\ntNxoXq/X7XaHhISo6jeZw+EwGAwhISFKF3KBy+Xy+Xxms1mn0yldyy/kbWc0Go1GFf0fdzqd\nOp3OZDIpXcgFbrfb6/WaTCb19Lb6fD6Xy6XCbSeEMJvNShdygcfj8Xg8AfmAUs//XPXz/5JS\n1VcDaqjog0MpYWFhbdu2lW937NixvLz8b3/7WwPBzmQyBeObSf6QatWqVcBbbjSHw+F2uy0W\ni3o+zSVJkoOdqlZUeXm5y+UKCwtTTzhwOp1ut9tsNoeGhipdywVOp1Ov16tq21VWVnq9XqvV\nqp4U5Xa7XS5XSEhIWFiY0rVc4Ha7JUlS1baz2+0ejyc0NFRVPxU0T1XvAVySWr6H1MPn86lt\nzyMAAMCVUMuPVAU5HI7i4mIhhMfj+emnnzZs2DBs2DCliwIAALhqBDtRWFgoHzxhNBpjY2Oz\nsrLGjx+vdFEAAABXraUHuyVLlihdAgAAQGAwxg4AAEAjCHYAAAAaQbADAADQCIIdAACARhDs\nAAAANIJgBwAAoBEEOwAAAI0g2AEAAGgEwQ4AAEAjCHYAAAAaQbADAADQCIIdAACARhDsAAAA\nNIJgBwAAoBEEOwAAAI0g2AEAAGgEwQ4AAEAjCHYAAAAaYVS6AABACzN+fNPbsAphbXorsuRk\nx/qtXnegmguMZPvB5DYepauoLbSVEO2VLgKXQbADADSv995TuoLa+va1/164qpQuo7Ywzxlx\n8rDSVdTWLlnEEezUjl2xAAAAGkGwAwAA0AiCHQAAgEYQ7AAAADSCYAcAAKARBDsAAACNINgB\nAABoBMEOAABAIwh2AAAAGkGwAwAA0AiCHQAAgEYQ7AAAADSCYAcAAKARBDsAAACNINgBAABo\nBMEOAABAIwh2AAAAGkGwAwAA0AhjsJ9gzpw5hw4dkm8bDIa4uLiMjIz/+7//M5lMixYt+uKL\nLy5eZOjQobNnz/ZfUAhhs9lSUlImTpx4/fXX+898/vz5adOmRUZGrly5Uq/XCyEabnbJkiXl\n5eVPPPGEPPHs2bN///vf9+zZU1paarFYUlJSRo8e3bdv3wC9egAAgOYT9GAnhMjMzJw0aZIQ\nwu12//vf/37ttdfsdntubu6MGTPuuOMOIcTRo0effvrphQsXxsfHCyGsVmudBYUQZWVl69at\ne+SRR5YtWxYXF1fT+EcffZSamnrkyJFdu3b1799fCHHZZmscPXp0/vz5MTExd955Z2JiYmVl\n5datW5988smJEyf+5je/CfZqAQAACKzmCHYWiyUmJka+3bZt26KiovXr1+fm5rZu3VqeWFVV\nJYSIjY1t27ZtfQvGxMTMnTs3Jydn9+7dWVlZ8kRJkjZv3jxhwoT27dsXFBTIwe6yzdZYtmxZ\nfHz84sWLjcZf1kPXrl3btWu3atWqAQMGdOjQIXDrAAAAIOgUGGNnNpu9Xm8jFtTr9Xq93uPx\n1EzZvXt3eXn5wIEDMzMz9+7dW1RUdOWtnT59+uDBg+PHj69JdbLRo0eHh4d/9tlnjagQAABA\nQc3RY1dDkqSjR49u2LBB7lq7KtXV1fn5+S6Xa8CAATUTN27cOHDgQIvFkpyc3KlTp82bN0+Z\nMuUKGzx58qQQ4uJuOYPBkJSUJD9aXyUOh+Nq678sOeyWlZUFvOVGkyRJCFFVVWW325WupRa3\n262qFeXz+YQQ58+fV7qQC+RtF6T3aqNJkuT1elW47crLy3U6ndK1/ELedg6Hw+VyKV3LBfKK\nCsi2M5lMYU1vBQrxfw8Yjcbw8HAFi8ElNUewKygoKCwsFELInW0ZGRm5ublXtaAQwuFwdOzY\n8dFHH60ZYHfmzJm9e/cuWrRIvjt8+PA1a9ZMnDjRYDBcSePy5/gl+w59Pp98HMYlSZIkf8YF\nQ/BabjRJkuRvGlVR1YqS148KS2LbXVbNtlNbsAvq50wjBPBNrsL3JK6c/3uATalOzRHsMjIy\ncnJyhBAGgyEmJqaBzFTfgna7/dFHHx05cmSvXr1qHi0oKJAkaeHChfJdn8/ncDh27tyZnp5+\nJY0nJSUJIX766afExET/6V6v9+eff+7Zs2d9C1qt1ouPw2i6c+fOeTye6OjogLfcaA6Ho7Ky\nslWrVmazWelafiFJUklJSUhIiM1mU7qWC8rLy10uV+vWra/8vR1sTqezoqLCarWGhoYqXcsF\nJSUlBoMhMjJS6UIuqKysdDgckZGRdYZkKMjtdp8/fz40NDQsTEUdW2VlZZIkRUVFKV0IFKaq\nLylcUnN8loWFhdV3+MKVL3jXXXe99NJL3bt3lwOZx+PZsmVLTk5OZmZmzfyrVq0qKCi4wmAX\nExOTmpr67rvvDhgwICQkpGZ6QUFBVVXV4MGDG1EwAACAgtTSwXBZQ4YMuemmm5577jm32y2E\n2LFjR1VVVVZWVhs/2dnZ+/bta2B4XB333ntvaWnp3Llzv/766xMnThw6dCgvL2/FihVTp05t\n165dMF8NAABA4F0zwU4Icc8995SVla1evVoIsWnTprS0tDr741JTUxMSEgoKCq6wwcTExKVL\nl95www2vvfbazJkzH3vssWPHji1cuPD2228PePEAAADBpmPwo0rIY+xqztunBvIYu/DwcLWN\nsTOZTCocYxcVFaW2MXZhYWGMsWsYY+yuUIDH2KnmUJVf9O1b+t7Xriqly6gt3rNdnDysdBW1\ntUsWN2YoXQQuQy3fQwAAAGgigh0AAIBGEOwAAAA0gmAHAACgEQQ7AAAAjSDYAQAAaATBDgAA\nQCMIdgAAABpBsAMAANAIgh0AAIBGEOwAAAA0gmAHAACgEQQ7AAAAjSDYAQAAaATBDgAAQCMI\ndgAAABpBsAMAANAIgh0AAIBGGJUuAACgdmazWZKkgDV3110BayogkpPNYcJoUrqMOirDRdL1\nShdRW6tIpSvA5RHsAEC7pkwRb7/d9GasTW+ixvLlYsh1AWwvAKLjD34pyk4qXUZtQzv/KA5+\no3QVtV3fS3ToqnQRuAx2xQIAAGgEwQ4AAEAjCHYAAAAaQbADAADQCIIdAACARhDsAAAANIJg\nBwAAoBEEOwAAAI0g2AEAAGgEwQ4AAEAjCHYAAAAaQbADAADQCIIdAACARhDsAAAANIJgBwAA\noBEEOwAAAI0g2AEAAGgEwQ4AAEAjjEoXEBiLFi364osvLp4+dOjQ2bNnCyHOnz8/bdq0yMjI\nlStX6vW/xNmysrL77rsvKytrwoQJNYs888wzZ8+eXbx4sdGokZUDAABaCI1klxkzZtxxxx1C\niKNHjz799NMLFy6Mj48XQlitVnmGjz76KDU19ciRI7t27erfv788sXXr1vfff/8f//jHnj17\ndunSRQhRWFj4zTffLF26lFQHAACuORrZFdu6deu2bdu2bds2JiZGCBEbGyvfjYiIEEJIkrR5\n8+bBgwcPGjSooKDAf8HevXvffvvtf/rTn6qrq4uKil5//fW77767Xbt2yrwMAACAJmgR/VK7\nd+8uLy8fOHBgcnLy/fffX1RU1KZNm5pHJ0+evH///uXLl589e7Zfv35Dhw5VsFQAAIBGaxHB\nbuPGjQMHDrRYLMnJyZ06ddq8efOUKVNqHjUYDPPmzbvnnnusVutjjz122dbcbrfH4wl4kT6f\nTwhRXV0d8JYbTX6ZLpdLrk09vF6vqlaU1+sVQjgcDp1Op3Qtv5C3ndvtVrqQunw+n6q2nbyi\nnE6netaV/HbyeDwBWVGhTW8C8OP/ttTr9WazWcFicEnaD3ZnzpzZu3fvokWL5LvDhw9fs2bN\nxIkTDQZDzTwHDx40m812u/3AgQO9evVquEG3222324NUbVVVVZBabjSn0+l0OpWuohav16vC\nFRW8d0WjuVwul8uldBW1SJKkwm2nqqwpc7vdAcmaBDsElv//35CQEIKdCmk/2BUUFEiStHDh\nQvmuz+dzOBw7d+5MT0+Xp5w+ffqll16aNWvWqVOnli5dumzZMpvN1kCDZrPZPxQGit1u93q9\n4eHhAW+50dxut8PhCA0NVc+hJJIkVVZWGo3G0FAVfWFVV1d7PJ5WrVqpp8dO3nZms9lkMild\nywWVlZV6vb7mkCY1cDgcbrfbarUG4z9143i9XrvdbjKZ+MqECvl/SdWcYgKqopYv7CDxeDxb\ntmzJycnJzMysmbhq1aqCggI52Hk8nsWLF6enp6elpUmStGvXrhdffPGRRx5poE2DwRCM7wC5\nz0BVH+WSJAkhjEajeqqSg53a+v/lHk2TyaSqjzmHw6GqbSeEqKys1Ol0qipJ7hgzmUzq+fUi\nd9QZDAZVrShAxttS/VT0PRQMO3bsqKqqysrKauMnOzt73759J0+eFEKsWrWqqqoqNzdXCKHT\n6e6///7vvvtu06ZNShcOAABw1TQe7DZt2pSWllZn12pqampCQkJBQcHXX3+9cePGuXPnWiwW\n+aE2bdrk5ua+8cYbx48fV6JeAACAxlPL3odASUlJ+eCDD2ru1hwzUccrr7wi31i3bl2dh4YN\nGzZs2LAglQcAABA8Gu+xAwAAaDkIdgAAABpBsAMAANAIgh0AAIBGEOwAAAA0gmAHAACgEQQ7\nAAAAjSDYAQAAaATBDgAAQCMIdgAAABpBsAMAANAIgh0AAIBGEOwAAAA0gmAHAACgEQQ7AAAA\njSDYAQAAaATBDgAAQCMIdgAAABphVLoAAEAtOp1Op9MFpi2LRbRuHZimAiU0VJg8ShdRm9Fs\n8AmjWeky6jAYhDlU6SJqM4YoXQEuj2AHAAEyfbo4fryJbYQIER2QYmQzp4lenQPYXgD07yUc\nZUoXUVuYLdotrJFKl1FHRHthi1K6iNpat1G6AlwewQ4AAuTLL8WBA0oXUVtGN7F5ndJF1NY2\nSVSfVLqI2qLjz7h6lamsqJRfnRKH9ytdRW3J3URyN6WLwGUwxg4AAEAjCHYAAAAaQbADAADQ\nCIIdAACARhDsAAAANIJgBwAAVOSJJ57Q1Waz2QYPHrx27VqlS7sGcLoTAACgOvPnz09OThZC\n+Hy+48ePv/nmm+PGjVu6dOmsWbOULk3VCHYAAEB1fv3rXw8YMKDm7oMPPti9e/dHH310xowZ\nFotFwcJUjl2xAABA7cLDw8eNG1dRUbFv3z55yrZt24YPH26z2axWa+/evfPy8vznz8/P79ev\nn9Vqtdlsffr0yc/Pr3lo4MCBgwYN+vDDD5OSkm6++WYhxKlTp3Jzczt06GCxWOLj48eNG3fA\n72TjmzZtGjRoUHh4eGhoaLdu3ZYsWSJJkvzQoEGDMjIyvvnmm8zMTJvN1qZNm5ycnKKioqCv\njvrRYwcAAK4BVqtVCOF2u4UQhYWFI0aMSE9P/9vf/mY2m9euXXvnnXeWlZXNnTtXCLFmzZqc\nnJwxY8Y8/vjjQoiXXnopJycnPDw8KytLCGE2m4uLi+fNmzd//vwOHToIIcaOHXvkyJEnn3wy\nOTn51KlTixYtGjx48E8//WS1Wt9///2xY8eOGDHi7bffbtWq1caNG+fOnXv69OnFixcLIUwm\n08GDB2fMmPH000/feOON27dv/81vfmM2m1evXq3UWiLYAQCAa8Cnn35qNBq7desmhJg3b16n\nTp02bdokp73hw4efPHly4cKF9957r8ViOXz48NChQ/Pz800mkxAiIyMjOjr6nXfekYOdTqfb\nt2/f2rVrx4wZI4QoLy/fuXPnww8/fOedd8pP1L9//3fffffcuXNWq3X+/PlJSUnr16+Xm8rM\nzDx8+PDSpUsfeuih6OhoIcTx48ffeeed9PR0IcS4ceOGDBny8ccfK7OChBDsigUAACpUWlp6\n+vTp06dPnzp1ateuXXfeeefnn3+em5sbERFRVFT0zTffZGVl6fV6x3+NGjWqoqLiu+++E0LM\nnz+/sLBQjmJCCJvNFh8ff+zYsZrGTSZTdna2fDs0NFSOfYWFhT6fTwjRuXPn+fPnt2vX7uTJ\nkwcOHBg1alRNU0KI0aNHu93unTt3ynetVquc6mSJiYmnT58O8rppCD12AABAdeTetRpGo/Ge\ne+5ZsmSJEOLkyZNCiBdeeOGFF16os9TPP//ct2/f8vLy559/ft26dceOHauqqhJCeL1eea+r\nLCYmJiQkRL4dEhKyfv36KVOmDBs2LDo6esiQIWPHjh0/frzRaDxx4oQQIiEhwf8p2rZtW1OD\nECI2NrZOnXI6VArBDgAAqM6f//znLl26CCF0Ol1YWFi3bt0iIyP9Z5g+fXpubm6dpVJSUoQQ\no0eP3rFjx0MPPTRy5MjIyEidTjdixAj/2WpSnSw9Pf3f//73tm3bNm3atHHjxkmTJv35z3/+\n7LPPdDqdEKJOUJOPnNDrVbrPk2AHAABUZ8CAAf6nO/HXvn17IYTX673kDIcOHfrss89yc3Of\neuopeYrH4yktLe3UqVMDT2cwGIYOHTp06NDnnntu+fLl99xzz7vvvivHQbnfroZ8NzExsVEv\nK+hUmjcBAAAuKSoqql+/fu+///65c+dqJr755puPPPKIx+ORD5v1D17Lly93OBxer/eSre3Z\ns2fChAn+5yj5n//5HyHE2bNn4+Pju3Xr9uGHHzocjppH165da7Va09LSAv66AoIeOwAAcI1Z\nvHjx8OHDBw8ePHfu3Pj4+O3btz/77LOTJk0yGo0pKSlJSUkrVqzo2bNndHT0unXr9uzZM2TI\nkD179mzdurVfv351mkpISNi4ceMPP/wwa9as9u3bl5SUvPjiizabTT5m9tlnnx09evRtt912\n7733mkymDz74oKCg4JlnnrHZbEq87sujxw4AAFxjBg8e/Mknn8TFxc2cOTM7O/vdd9996qmn\nXn/9dSFESEjI2rVr27dvn5OTM27cuMrKyvXr18+dO9dsNo8bN67OflUhRHx8/Oeffy4fCTtq\n1Kg5c+bExcV9+umnnTt3FkKMGjWqoKDAbrdPnDjx9ttv37lzZ15e3sMPP6zAa74yupqzJ1+L\n5syZc+jQoZq7NpstJSVl4sSJ119/vf9s58+fnzZtWmRk5MqVK/1HO9YsrtPpWrVqlZycPHTo\n0CFDhsiDJZvZuXPnPB5PTExM8z91fRwOR2VlZXh4uNlsVrqWX0iSVFJSYjKZVOb8w5wAACAA\nSURBVPVTqby83OVyRUVFqWcsrdPprKioCAsLCw0NVbqWC0pKSgwGQ53hz8qqrKx0OByRkZFG\nYyB2X3TtKvzOVq8KC2eLzeuULqK2B54S1SeVLqK26Pi9rillKisq81frxeH9SldRW3I3kXGb\n0kXgMq75XbGZmZmTJk2Sb5eVla1bt+6RRx5ZtmxZXFxczTwfffRRamrqkSNHdu3a1b9//4sX\n9/l8Z8+e/f7771977bWvv/76wQcfVCTbAQAANIVaOhgazWKxxPzXddddJ19LZPfu3TUzSJK0\nefPmwYMHDxo0qKCg4JKLt2nTJjU1dfz48U8++eSXX365bdu2Zn0NAAAAgXDN99jVodfr9Xq9\nx+OpmbJ79+7y8vKBAwcmJyfff//9RUVFbdq0qW/xlJSUPn36bNu2bciQIfXNI0lSMM49KO8T\nr++YHUXIL9Pn86mnKnktSZKknpKE37ZTz8AGFW47mTq3XUBWlE6nu+Z/KAOX4/8/RafTqWf8\nCWpoKthVV1fn5+e7XC7/E9ts3Lhx4MCBFoslOTm5U6dOmzdvnjJlSgONdOzY8fPPP2/4Wex2\ne8CKrq2srCxILTdaVVWVfNpu9XC73SpcUefPn1e6hLqqq6urq6uVrqIWr9erwm1XXl7e9EaM\nRqOKBg8CweH//zckJCQiIkLBYnBJ13ywKygoKCwslG87HI6OHTs++uijNQPszpw5s3fv3kWL\nFsl3hw8fvmbNmokTJxoMhvoa9Hq9Df8EMRgMwTiYwOVySZKknsMUhBA+n8/tdoeEhKjqN5nT\n6dTr9XVOGq4st9vt8/lMJpN6hmZ6vV6Px2M0Ght4qzc/FW47j8fj9XoD8iZX1aoGgsT/S4r3\nvDpd88EuIyMjJydHCGG32x999NGRI0f26tWr5tGCggJJkhYuXCjf9fl8Dodj586d/tfrrePA\ngQNJSUkNPKPZbA5G/JKPig0PDw94y43mcDjcbrfFYlFP3JQkyel0Go1GVa0o+ajYVq1aqScB\ny0fFms1mVR0V63K59Hq9qrZdZWWl1+sNCwsLzFGxgNap6v8vLuma/ywLCwuTL8crhLjrrrte\neuml7t27y8nM4/Fs2bIlJycnMzOzZv5Vq1YVFBTUF+x27tz5/fffL1iwoBkqBwAA9Tlz5syf\n//znf/7zn0eOHBFCJCYmjhgx4t57773uuuuap4CBAwcWFxcfuPpzGA0YMODcuXONWDAgrvlg\n52/IkCFffvnlc88996c//SkkJGTHjh1VVVVZWVn+5zzLzs5esGDByZMn27VrJ4RwOBzFxcVC\niOLi4l27dq1du3bYsGH1XZwOAAA0gx07dvz6178+f/58VlaWvF9u3759r7zyyhtvvJGfn5+V\nlaV0gbV8++23vXr1qjl+bsKECQqOb9ZUsBNC3HPPPTNnzly9enVubu6mTZvS0tLqnMk2NTU1\nISGhoKBg+vTpQojCwkJ5iJ7ZbO7YsePMmTP9u/cAAEAzO3PmzO23367T6b744gv/K4AdOHBg\n2LBhkyZN+vHHH/3PVqu47du3+9+dPXu2UpWIa/08dkuWLJkxY4b/lIiIiLfeeis3N1cIsWjR\nonnz5l281CuvvCKnuiVLlnzwX++9995zzz1HqgMAQFkvvPBCcXHxsmXL6lzXtUuXLm+++eZj\njz1WM6B506ZNgwYNCg8PDw0N7dat25IlS2q6zQYOHDho0KAPP/wwKSnp5ptvvuQUIcS2bduG\nDx9us9msVmvv3r3z8vLqqyo/P79fv35Wq9Vms/Xp0yc/P1+ePnLkyPvuu08IodPp+vTpI4QY\nMGBAly5dahZsoMhBgwZlZGR88803mZmZNputTZs2OTk5RUVFTVl7WuuxAwAA17T169dHRUWN\nHz/+4oeGDh06dOhQ+fb7778/duzYESNGvP32261atdq4cePcuXNPnz69ePFiIYTZbC4uLp43\nb978+fM7dOhwySmFhYUjRoxIT0//29/+Zjab165de+edd5aVlckXO/C3Zs2anJycMWPGPP74\n40KIl156KScnJzw8PCsra9myZfPmzVu/fv2uXbvCwsLqLNhwkSaT6eDBgzNmzHj66advvPHG\n7du3/+Y3vzGbzatXr2702iPYAQAAtZAk6ccffxw0aNBlT6cyf/78pKSk9evXm0wmIURmZubh\nw4eXLl360EMPRUdH63S6ffv2rV27dsyYMfL8F0+ZN29ep06dNm3aZLVahRDDhw8/efLkwoUL\n7733XovF4v9chw8fHjp0aH5+vvxcGRkZ0dHR77zzTlZW1nXXXSdf513urruqIoUQx48ff+ed\nd+RjOseNGzdkyJCPP/64KSvw2t4VCwAAtMRut3u93jrj4y928uTJAwcOjBo1Sg5MstGjR7vd\n7p07d8p3TSZTdna2/1L+U4qKir755pusrCy9Xu/4r1GjRlVUVHz33Xd1nm7+/PmFhYU1z2Wz\n2eLj448dO9b0Iq1Wq/+ZOhITE0+fPt1wsw0j2AEAALWwWq1Go7G0tLTh2U6cOCGESEhI8J8o\nn/7s5MmT8t2YmJg6Z0T3nyLP9sILL4T6ufvuu4UQP//8c52nKy8vf+yxx7p37x4REWE0Go1G\n488//3zZ64teSZGxsbH+jxqNxiZetpRdsQAAQC10Ot2vfvWrb775prq6uoFTrMtX+qmTgeSD\nEmoOrbj4OjcXT5k+fbp8wKW/lJSUOlNGjx69Y8eOhx56aOTIkZGRkTqdbsSIEVfyWi5bZMAR\n7AAAgIqMHTv2iSeeeO211y4+b8iXX345bdq01atXd+zYUfy3S6yGfDcxMfFKnqV9+/ZCCK/X\ne9mT1x46dOizzz7Lzc196qmn5Ckej6e0tLRTp04NLyhX0pQiG4FdsQAAQEVmzpwZHx+/YMGC\nf/7zn/7T//Wvf/3v//5vaWnp9ddfHx8f361btw8//NDhcNTMsHbtWqvVmpaWdiXPEhUV1a9f\nv/fff//cuXM1E998881HHnnE4/H4z+l2u0XtKLZ8+XKHw+H1euW7cs9cnaWEEE0vshHosQMA\nACoSHR39wQcfZGVlZWdnZ2ZmZmRkGAyGb7/99v3334+Jidm8eXNUVJQQ4tlnnx09evRtt912\n7733mkymDz74oKCg4JlnnrnsgRc1Fi9ePHz48MGDB8+dOzc+Pn779u3PPvvspEmT6lw8OiUl\nJSkpacWKFT179oyOjl63bt2ePXuGDBmyZ8+erVu39uvXT76W1dNPP52amjpu3Dj/ZZte5NWi\nxw4AAKhL3759f/jhh4cffvjMmTPPPffc4sWLDx06tGDBgv379/fq1UueZ9SoUQUFBXa7feLE\nibfffvvOnTvz8vIefvjhK3+WwYMHf/LJJ3FxcTNnzszOzn733Xefeuqp119/vc5sISEha9eu\nbd++fU5Ozrhx4yorK9evXz937lyz2Txu3LgTJ07k5ub26tXrySef/H//7//VWbbpRV4tXc3p\nj6Gsc+fOeTwe+Vw4KuFwOCorK8PDw81ms9K1/EKSpJKSEpPJFLzfOo1QXl7ucrmioqKCNxj2\najmdzoqKirCwsAaGHje/kpISg8EQGRmpdCEXVFZWOhyOyMjIOj/QG6lrV6HQZb/rtXC22LxO\n6SJqe+ApUX1S6SJqi47f65pSprKiMn+1Xhzer3QVtSV3Exm3KV0ELkMt30MAAABoIoIdAACA\nRhDsAAAANIJgBwAAoBEEOwAAAI0g2AEAANXw+YTXG+C/Bq+++uOPPw4YMKCBQ+PLysomT56c\nkJAQHR2dnZ195MiRwL/qwCHYAQAA1YiPF0ZjgP86dKjv2dasWXPLLbfccMMNDVQ0derUo0eP\nbty4cefOnTabLTs7u+aaEypEsAMAAC2U0+ncuXPnmDFj6pvh+PHjGzZsWLZsWY8ePa677rqX\nX375xx9/3Lp1a3MWeVW4pBiAa9OMGU1vo5UQrZreiuymm858+IPHFajmAkOnF56xf1a6ilpa\ntxU6lZ0X32AUvXVnhVtdG+9E0W1SjLrOBmy2ililawi43/72t0KIvXv31jfD7t27LRZLjx49\n5LutW7fu2rXrV199NWzYsGYq8SoR7ABcm1asULqC2qZMORByV2Wp0mXU1iZFHPtO6SJq63Wr\n0NW9VLrCzGEiVP8fUV6idCG1FJUmnPhB6SJqS+gqYuvdpRk4S5YI/8sdnTgh7r//qht5+WUR\n65dCHY5Gl3P27NmoqCidTlczJTY2tqioqNENBhvBDgAAqMaCh0Tx2VpTQkOuupEHZte6m5Ag\npkxpdEX+qa6+KepBsAMAAKoRamxMkmuYpfENxsXFFRcXS5JUE+aKiori4uICVFngEewAAIBq\nWEKCEOwan3b69u3rdDr37NnTp08fIURxcfEPP/yQnp4euOICjGAHAABUw9KsPXanT5/2eDwl\nJSVCiJ9//lkIERkZ2apVqzfeeKOysnLWrFnt2rUbO3bsjBkz8vLyQkNDZ8+e3bt374yMjABX\nGDic7gQAAKiGxShCA/1nMdT3bAMGDEhKSvrd737n9XqTkpKSkpJWrlwphPj44483bNggz5OX\nl9e9e/dbb701PT3dYrGsX7+eMXYAAABXINQkHKYAt2mpt8H6LiORn59fc9tms61evTrAJQUN\nwQ4AAKiG2dCUIXH1ttliEOwAAIBqyBcBC3ibLUYLeqkAAEDtjAYREugONmMLOqKAYAcAAFTD\naKDHrila0EsFAABqZzAIY6B77AyMsQMAAGh+QRljR7ADAABofiH6IIyxI9gBAAA0PwNHxTZJ\nC3qpAABA7QyGwA+JM3BULAAAQPMLxhg7QwtKOy3opQIAALUz6OmxawqCHQAAUI1gjLGjx+6a\nNmfOnEOHDgkhdDpdq1atkpOThw4dOmTIEJ1OJ8+wZMmS8vLyJ554Qgjh8/nWrl372WefnT59\n2uPxxMXFZWZmjhs3rmZmAADQfIIyxo6jYq9xmZmZkyZN8vl8Z8+e/f7771977bWvv/76wQcf\nvDiurVq1avv27TNnzuzcubMQYt++fcuXL3c6nZMmTVKicAAAWragXHmCYHeNs1gsMTExQog2\nbdqkpqb27t37gQce2LZt25AhQ+rM+e233w4dOrRPnz7y3cGDB9tsNkmSmrlgAAAghBD6IPTY\n6VtQsGsRwwlTUlL69Omzbdu2ix/q1KnTjh075F23sl69evXu3bsZqwMAAP9lMAbhrwUFO232\n2F2sY8eOn3/++cXTc3NzX3311QceeCA2NrZr166pqakDBgyIiIhooCmHw+F0OgNeodfrFUKc\nP38+4C03ms/nE0LY7XaHw6F0LbV4PB5VrSiPxyOEKC8vV8/QTHnbORwOl8uldC0XSJLk9XoD\nsu1CQkKsTW8FwFXy//9rNBrDwsIC/xyMsWualhLsvF6vXn+J7snw8PB58+bdfffd+/fvP3Dg\nwAcffLBixYqZM2fecsst9TXl8/ncbneQ6gxey43m9Xrl0KkePp9PDi6qIsc7VVHhtpMkKSBv\n8kv+dwYQbM3xJRWMMXYcFas9Bw4cSEpKqu/R8PDwtLS0tLS0adOmrVy5cvny5YMGDTLUE/Ct\nVqvVGvjOgnPnznk8HnlooEo4HI7Kysrw8HCz2ax0Lb+QJKmkpMRkMtlsNqVruaC8vNzlckVF\nRaknbTidzoqKirCwsNDQUKVruaCkpMRgMERGRipdCIBGao4vqWCMsWtJ57FrES91586d33//\n/cWdcGfPnn322WfPnj3rP7Fr165Op1OFPWcAAGhfUMbYtZRuLKHVHjuHw1FcXCyEKC4u3rVr\n19q1a4cNGzZgwIA6s0VHR584ceKPf/zj5MmTO3bsqNPpfvrpp7/85S+9evWyWCxKFA4AQMsW\njCtPtKSjYrUZ7AoLCwsLC4UQZrO5Y8eOM2fOzMzMvHg2vV7/1FNPvffee3l5eSUlJV6vNy4u\nLj09ffz48c1eMgAAEEHpYOPgiWvakiVLGp5hzpw5NbfDw8OnT58+ffr0IBcFAACuQFDG2LWg\nYNekMXbHjx//8MMPA1UKAABo6YyGwP/Vf/BEWVnZ5MmTExISoqOjs7Ozjxw5cvE8PXr00Plp\n1apVEF9+kzUp2G3evHn06NGBKgUAALR0BkNzHjwxderUo0ePbty4cefOnTabLTs7++KzRJWW\nlr744ovH/+vgwYNBXgVNosFdsQAA4FoVjBMU13PwxPHjxzds2LB3794ePXoIIV5++eU2bdps\n3bp12LBh/rOVlpZ27tw5MTExwFUFR0PB7pKXavDnfyUuAACApmrG89jt3r3bYrHIqU4I0bp1\n665du3711Vf+wc7pdNrt9rVr1z7yyCMlJSV9+vR55plnrr/++gBXGDgNBbuMjIxmqwMAAED0\nGCiE3+UZHVVi/5dX3ciN6cJ0+dOznz17Nioqyv9qkLGxsUVFRf7zlJeXx8XFuVyuV199VZKk\nhQsXDho06MCBA6o913pDwa53795FRUWPP/54fTN8/vnnf/nLX4JQFQAAaJGOHRAuvwuy+7yN\n6cA78oPwvxSQ2SpuTL/kjBdf47vOlNjY2NOnT9fcXbNmTdu2bf/xj3/ceeedV11Vs2go2P31\nr3/t3bu3x+O5++6765uHYAcAAALGYRcOe60pjTitnaPqSuaKi4srLi6WJKkmzBUVFcXFxTWw\nSHh4ePv27Y8fP37VJTWXho6K7dKly5/+9Kf777//u+++a7aCAABAy6VvvkuK9e3b1+l07tmz\nR75bXFz8ww8/pKfX6tvbv39/bm6uy+WS71ZWVh47dqxz585BXQdNcZkU/Pvf/75nz571XfO+\nS5cuqu2KBAAA1x69PvBXANNfuhurXbt2Y8eOnTFjRl5eXmho6OzZs3v37i0fYPDGG29UVlbO\nmjWrbdu269atc7lcjz/+uNvtXrBgQVRU1Lhx4wJcYeBc/jx2aWlp9SXTgQMHrly5MtAlAQCA\nlioY3XX6erux8vLyunfvfuutt6anp1sslvXr18u7ZT/++OMNGzYIIaKjo7ds2XLixAk583k8\nnm3bttXX4aUGV7Tf+uabb37kkUdGjRoV7GoAAECLFpRrxdbboM1mW7169cXT8/Pza2737Nlz\ny5YtAS4paK7oyhPHjx8/cOBAsEsBAAAtnV7/yzmKA/nXpOtsXVuuKBS//PLLDz/8cHJyclZW\nVkhISLBrAgAALVQweuzq3xWrPVf0Up9//nmj0ThmzBiTyRQTE1Mn213yirkAAABXLRiXFKPH\nrg6fzxcbG5uZmRnsagAAQItmMDTnGDvtuaKXWt9FYysrK0+dOhXQegAAQAsWjGvFBvz8KSrW\npAz71VdfjR8/vqSkJFDVAACAFs1gFD5voNsk2F3kn//85zvvvHPs2DGfzydP8Xq933//vdls\nDlptAACghTEYhC/gY+wIdrXl5+fn5OQYjcb4+Piff/65Xbt2paWlDofjlltueeCBB4JdIgBt\nMJlM+nrO/94Y//d/AWsqIDIyYjuJ8Bily6jN2lokdlW6iNpsscLnvPxszSkkVAgRLUJMShdS\ni9Ur2l6vdBG1RTR0DdXAMRiEL+BHxRLsanv++edHjhz57rvvhoeHG43GzZs3d+nSZfny5WvX\nrpWvvAFAy6ZMEW+/3fRmwpveRI3lyx/3vhvA9pquR7UYa18lqkqVLqQ2W7I4v0/pImqzZwn7\neaWLqM1rO+7oaz+ndBm13VC1WvzwtdJV1KbvJ8TU4D+LIQiXFGtBwe6Kfj0fPHhw5syZ4eG/\nfCxLkmQ0Gv/whz/07Nlz/vz5wSwPAAC0JPogXFKsJR0Ve0XBzu12G/67fzosLOzcuV9+14wb\nN27dunXBKg0AALQ08ulOAnytWHrsauvatesbb7zhcrmEEElJSZs3b5anl5aWnj+vsh51AABw\n7Qr89cSCcP4UFbuizsk5c+ZMmTKlrKxsy5YtY8eOffrpp4uKihITE1esWNGjR49glwgAAFoK\nvVHopUC3SbATQgjhcrlMJpMQYvLkyUajUb502MMPP7xz587XX39dCJGUlPTCCy80S50AAKAF\n0BuFIdDBriWNsWvopSYmJt5xxx2/+93vbrjhhgkTJsgTrVbrRx99dOjQIbfbnZKSUue6sQAA\nAI1n0AvBUbGN19AYu6ioqOeff75Lly6DBw9+++23HQ5HzUMpKSldu3Yl1QEAgEAKxiGxLWmM\nXUPB7sCBA1988UVubu633347ZcqUdu3azZo1a//+/c1WHAAAaFmCEuxa0K7YyxwVm5aWtmLF\nitOnT7/11lu9evVatmxZ9+7d09LSVq1aVVVV1TwlAgCAlkJnEHpjgP909NjVFhoaOnny5MLC\nwp9++mnhwoVFRUXTp09v167d73//+7179wa7RAAA0FJwupOmubrrNnbo0OGxxx47dOjQ9u3b\np02blp+ff9NNNwWpMgAA0OKwK7ZpGvNSjx49un379s8///zcuXMREREBrwkAALRQBoPQ6QLc\nZks6KvYqgl11dfW6devy8vI++eQTSZJuvvnmVatWjR8/PnjFAQCAlkVvFMIX6DYJdrXt2rUr\nLy/vnXfeOX/+fFRU1H333XfXXXf96le/CnZxAACgZdEbhS7gwe7qBp5d0xp6qWfPnl2yZEm3\nbt369ev36quv9urV669//evJkyeXLl1KqgMAAIFn0Af+yIn6e+zKysomT56ckJAQHR2dnZ0t\nX2SrEfOoR0M9dgkJCW63u02bNvPmzcvNzb3uuuuarSwAANASGYxCCvQlxXT1dmNNnTq1tLR0\n48aNVqv18ccfz87O/te//mWofRTtlcyjHg0Fu1tuuSU3N/e2227jChMAAKA5BCXYXfpojOPH\nj2/YsGHv3r09evQQQrz88stt2rTZunXrsGHDrmoeVWko2G3evLnZ6gAAABA6gwj0QbH1Bbvd\nu3dbLBY5sQkhWrdu3bVr16+++so/tF3JPKrSgs7sAgAA1M54UTJpRAfelZ0w5ezZs1FRUTq/\nmWNjY4uKiq52HlXRSLA7f/78tGnTIiMjV65cqa998EtxcfHf//73PXv2lJSUWK3WxMTEESNG\n3HLLLfKjc+bMOXToUJ3W4uPjV6xY0UylAwCA/5Ku8tIJV6i+oKe7KAI2bop6aCTYffTRR6mp\nqUeOHNm1a1f//v1rph8/fvzhhx+OioqaPn16YmKi3W7fvXv3smXLfv755ylTpsjzDBkyJCcn\nx78148U/FwAAQPB53UFoVCeMlzpYIC4urri4WJKkmqBWVFQUFxd3tfOoihYSjCRJmzdvnjBh\nQvv27QsKCvyD3SuvvBIdHb1kyZKarHbDDTd07tz5p59+qtlIYWFhbdu2VaZ0AADgx+cTIhjH\nTlwq2PXt29fpdO7Zs6dPnz5CiOLi4h9++CE9Pf1q51EVLQS73bt3l5eXDxw4MDk5+f777y8q\nKmrTpo0Qoqys7Pvvv58zZ06dHrgBAwYMGDCg0U/n8Xg8Hk9Ti76Iz+cTQjgcjoC33Ghut1v+\nVwr4AUqNJVfi8/lUtaLkbed0OtXTOS+/RT0eT0BWlKXpTQDQBP+PFL1ebzKZAv4UkqfZDooV\n7dq1Gzt27IwZM/Ly8kJDQ2fPnt27d++MjAwhxBtvvFFZWTlr1qwG5lEnLQS7jRs3Dhw40GKx\nJCcnd+rUafPmzfJu1tOnTwsh2rdv3/DiBQUFhYWF/lOmTp06atSo+uZ3uVx2uz0QhV9CZWVl\nkFpuNFVFKJnH41HhiqqqqlK6hLqcTqfT6Wx6OwQ7ADL/z96QkJBgBDuftzlPYyfy8vLuu+++\nW2+91e12Z2RkrF+/Xv6J/vHHHxcXF8+aNauBedTpmg92Z86c2bt376JFi+S7w4cPX7NmzcSJ\nEw0Gg7ze5d4U2YQJE2piyoIFC/r16yeEyMjIqDPGLiIiooFnNJlM+iBcnMRut/t8vlatWgW8\n5UZzu91Op9Nisahn0KEkSVVVVUaj0WJRUdhwOBwejycsLEw9/9Xlvjqz2cxJKAEEkP+XVDC+\nCoUc7AJ9RbEGgp3NZlu9evXF0/Pz8y87jzqp5Qu70QoKCiRJWrhwoXxX3km3c+fO9PT0hIQE\nnU53+PDhlJQU+dHnnntOznkPPvhgTeC72jF2RqMxGEHH4XD4fD5V5RUhhNPpDAkJMZvNShfy\nCznY6fV6Va0ol8slhDCbzUH6mGsEp9PpcDjUloABXOua4SMlGMFOLR/NzeLaDnYej2fLli05\nOTmZmZk1E1etWlVQUJCenh4eHt67d++///3vgwYNkt+LSUlJ4r/jtAAAgNr4PIEPdgE/GkPN\nru1gt2PHjqqqqqysLJvNVjMxOzt7wYIFJ0+ebNeu3d133/3ggw/OmjVrypQpnTp1crvdhw8f\n3rhxY2hoaIcOHeT5q6qqTp06VaflNm3aqPYycAAAaFUweuxalGs72G3atCktLc0/1QkhUlNT\nExISCgoKpk+fHhcXt3Tp0vfee+/NN98sLi42mUzt2rXr37//6NGjrVarPP+nn3766aef1mn5\nlVdeSUxMbJ5XAQAAZJJP+LyBblQt45+bw7Ud7GqOmajjlVdeqbndunXru+6666677rrknEuW\nLAlKZQAA4Or5PEEIdi3JtR3sAACAlvi8gQ92qjljQXMg2AEAALXwBWFXbAOnO9Eegh0AAFAL\nn0f4An11J3rsAAAAFBCUXbH02AEAADQ/KQjBTt+STl9GsAMAAGrh9QpvwHfF0mMHAADQ/IKx\nK9bXks54TLADAABqEZRg15JOjEewAwAAauHzBv6oWIkxdgAAAM0vGAdPsCsWAABAAV5P4A+e\n0Ae6QTUj2AEAALVgjF0TEewAAIBaBOOSYuyKBQAAUEAwdsUa2BULAADQ/Dh4ookIdgAAQC0Y\nY9dEBDsAAKAWwbikWMBPjKdmBDsAAKAWXFKsiQh2gMrcf7+w25vYhlkIc0CKEUIIUf3SW94/\nvxW49gLAHCYWTixRuoraTOZq5zRJZd8fXo/wXT9G6SpqCbWJCpVtuhCLDK7JNgAAIABJREFU\nSIqoFpK6dtcd/v+mSvFTla6iFmuEaBv8Z/F6hTfQm+LKGywrK/vDH/6wdetWh8ORlpb20ksv\ndezYsc48PXr02LdvX83dsLCwysrKAFUaAAQ7QGVWrxbnzildRC0V816rLFa6iNpiOomQc4eV\nrqI2W8z5c63cDqXLqE1vEudPKV1EbW27ip92KV1EbWGtha3nOeFS18Y7/kOr/+xRuojaOt8k\n2qYE/VmkIFxS7MobnDp1amlp6caNG61W6+OPP56dnf2vf/3LYKh1SbLS0tIXX3xxzJhffjLp\n9frAVttEBDsAAKAWweixu8JdscePH9+wYcPevXt79OghhHj55ZfbtGmzdevWYcOG+c9WWlra\nuXPnxMTEAFcZIOqKmQAAoCWTx9gF/O9K7N6922KxyKlOCNG6deuuXbt+9dVX/vM4nU673b52\n7drevXt36NBh3LhxBw8eDPhKaAp67AAAgFqEhAqdX6eT5BPVFVfdSGh4rUZCQq9oqbNnz0ZF\nRel0upopsbGxRUVF/vOUl5fHxcW5XK5XX31VkqSFCxcOGjTowIEDkZGRV11lcBDsAACAWrS9\nrtZdV7X4z9UPymx7gwi5giPI3n333YkTJ8q3t23bJoTwT3WyOlNiY2NPnz5dc3fNmjVt27b9\nxz/+ceedd151lcFBsAMAAGrx76+Es6knBhA/flHrbmi4SOl/idlGjBjx7bffyreTk5OLi4uL\ni4slSaoJc0VFRXFxcQ08UXh4ePv27Y8fP97UigOHYAcAANQiGNeKre9ojIiIiIiIiJq7ffv2\ndTqde/bs6dOnjxCiuLj4hx9+SE9P919k//79L7zwwssvv2wymYQQlZWVx44d69y5c4ArbgKC\nHQAAUAsFz2PXrl27sWPHzpgxIy8vLzQ0dPbs2b17987IyBBCvPHGG5WVlbNmzWrbtu26detc\nLtfjjz/udrsXLFgQFRU1bty4AFfcBBwVCwAA1EK+pFhg/678PHZ5eXndu3e/9dZb09PTLRbL\n+vXr5d2yH3/88YYNG4QQ0dHRW7ZsOXHihJz5PB7Ptm3brFZr8FbI1aLHDgAAqIUvGD12V3xJ\nGJvNtnr16oun5+fn19zu2bPnli1bAlFXUBDsAACAWih7STENINgBAAC18AXhkmJSoBtUM4Id\nAABQC49XeALdwea54l2xGkCwAwAAahGUMXbsigUAAGh+wTiP3RVeK1YbCHYAAEAtvD567JqE\nYAcAANSCo2KbiGAHAADUwseu2KYh2AEAALVgV2wTaTbYzZkz59ChQzV3bTZbSkrKxIkTr7/+\nev8Zli5dmpycXDObz+ebOnXquXPn1q1bZzAYmrtoAABaNo9HeALdYxfwLkA102ywE0JkZmZO\nmjRJvl1WVrZu3bpHHnlk2bJlcXFx8sSIiIjCwkL/YLd3715viwr2AACoSVDG2LWk89jplS4g\niCwWS8x/XXfddXPnzhVC7N69u2aGm266adu2bR6/nwaFhYU33nijArUCAAAhvJ5fOu0C+9dy\naDnY1aHX6/V6vX+Mu+6666xW665du+S7lZWVu3fvHjhwoEIFAgDQ0nl8v1x8IoB/LarHTsu7\nYv1VV1fn5+e7XK4BAwb4Tx8+fPiWLVvS0tKEENu3b09NTY2JiWm4Kbvdbrfbg1RncXFxkFpu\ntIqKioqKCqWrqMXlcqlwRZWWlja9EZPJZGt6KwAQHP6fvSEhIREREQF/imCcoJgxdhpRUFBQ\nWFgo33Y4HB07dnz00UdrBtjJMjMz8/Pzy8rKWrduXVhYOGbMmMs2q9frQ0JCAl6tx+ORJCkY\nLTeaz+fzer0Gg0GvV1HPrtvt1uv1qjq0Rd52RqNRp9M1sSlVvS4AqMP/S8poDEqE8AbjWrEt\nafC8loNdRkZGTk6OEMJutz/66KMjR47s1atXnXmioqJ69uy5devWfv36nTp1qn///v/5z38a\nbtZisVgsloBXe+7cOY/HE4xfP43mcDgqKyutVqvZbFa6ll9IklRSUmI0Gm02FXVslZeXu1wu\nm82mqgQMAAHXDF9Sbq9wB7qDjWCnEWFhYW3btpVv33XXXS+99FL37t2TkpLqzDZ8+PD8/Hy7\n3T5kyJAg/f4AAABXIhjHOnDwhAYNGTLkpptueu6559xud52H+vbtW1ZW9umnnw4bNkyR2gAA\ngMztFa5A/7lb0sETLSXYCSHuueeesrKy1atX15luMBhuueWW8PDwTp06KVEXAAD4hdsT+L8W\n1WOn2T2PS5YsqTMlIiLirbfeuuQMU6dOrbl9ww03fPDBB0GuDgAAXILXy67YJtFssAMAANcc\nuY8tsDh4AgAAQAHBCHYBb1DNCHYAAEAtqj3CXvcox6aytqRg14IOngAAACpX5RSVgf6zu66i\ngB9//HHAgAENnP6srKxs8uTJCQkJ0dHR2dnZR44c+f/bu++4qK78/+NnGOrQEUERYsGORkVF\nwIYtlogNTWI2xu5mo2